0.0026
-0.0020
0.1792
0.4364
0.5265
0.2481
0.0520
0.0119
0.2685
-0.0132
-0.0016
-0.0087
-0.0021
0.2425
0.0074
0.0283
0.0741
-0.0084
0.0950
0.0035
-0.0604
0.1637
-0.0819
0.0017
0.3325
-0.1547
0.0021
0.4144
-0.0188
0.0043
0.0116
0.2211
0.0227
0.5378
0.3416
0.0004
-0.3553
-0.1308
0.0001
-0.0095
-0.0927
0.1480
0.0212
-0.0044
0.5428
0.0008
0.0055
0.0027
0.6484
0.1673
0.1313
-0.0050
0.0033
-0.0120
0.0015
-0.0005
0.0010
-0.0172
-0.0071
0.1396
0.1259
0.0004
-0.2701
-0.0033
0.0199
-0.0199
0.0029
0.0090
0.0002
-0.0011
0.1336
-0.0041
-0.6349
