-0.0134
0.0493
0.1001
0.1316
0.1220
-0.1717
0.0580
-0.0095
-0.2973
0.0250
-0.0737
0.3677
-0.0695
0.2596
0.2031
-0.0401
-0.2635
-0.0591
-0.1591
-0.1495
-0.2147
0.0587
-0.0468
-0.0032
0.1110
0.0310
-0.2034
-0.3539
-0.0574
-0.3714
0.5403
-0.0857
0.0881
0.0366
0.0302
-0.1107
-0.0959
-0.1639
-0.0822
0.1043
0.1453
0.7017
0.2865
0.2482
-0.1870
0.2312
-0.0251
0.0171
-0.0522
-0.2236
0.4039
-0.0661
-0.1493
0.0419
-0.0873
0.1059
0.0255
-0.1565
-0.0086
0.2437
-0.0279
0.1775
-0.0101
-0.1164
-0.0776
0.2846
-0.2840
-0.2952
-0.2674
-0.0766
-0.1308
0.0391
0.0028
-0.0401
0.1034
0.0214
-0.0920
-0.0387
-0.2550
-0.0846
0.0499
-0.0185
0.4317
-0.1384
0.3757
0.1096
-0.1398
0.0219
0.2458
-0.0364
0.0295
0.0923
0.0838
-0.0715
