-0.2794
-0.1282
0.1131
0.0441
0.2221
0.3013
0.0859
-0.0141
0.1549
-0.2355
-0.3008
-0.0275
-0.1943
0.1274
-0.0236
-0.0498
0.2019
-0.0853
0.0608
-0.4602
-0.1051
0.1510
0.3016
-0.1980
0.1486
0.0504
-0.1156
-0.0919
0.1694
-0.0565
-0.2174
0.1145
-0.0143
0.1485
0.2031
-0.0888
-0.0763
0.0585
-0.1304
-0.2703
0.0100
0.0620
0.0573
-0.1760
0.2653
-0.1856
-0.4062
-0.1466
0.1771
0.1953
-0.2907
-0.3600
-0.2480
-0.2118
-0.5717
-0.1562
-0.0475
-0.0082
-0.0484
0.0599
0.1941
-0.2054
-0.0506
-0.2005
-0.3919
-0.2556
-0.1775
-0.4007
-0.0794
-0.0815
0.4222
-0.1748
0.1297
